10,29
10,311
10,225
10,31
10,73
10,127
10,113
10,135
10,2
10,3
9,7
9,3
8,9
8,10
8,11
187,3
187,2
187,1
187,0
132,3
132,2
132,1
132,0
27,3
27,2
27,1
24,3
24,2
24,1
20,3
20,2
20,1
19,3
19,2
19,1
12,3
12,2
12,1
11,30
11,29
11,28
11,27
18,1
11,26
11,25
11,24
11,23
11,22
18,3
11,21
11,20
11,19
11,18
11,17
11,16
11,15
11,14
11,13
11,12
11,11
11,10
11,9
11,8
11,7
11,6
11,5
14,1
11,4
11,3
14,3
11,2
13,1
11,1
10,315
10,314
13,3
10,313
10,312
10,310
10,309
10,308
10,303
10,301
10,300
10,299
10,298
10,297
10,296
10,294
10,293
10,291
10,290
10,289
10,288
10,287
10,286
10,285
10,284
10,282
10,281
10,280
10,278
10,277
10,274
10,273
10,272
10,271
10,270
10,268
10,263
10,262
10,261
10,259
10,258
10,250
10,235
10,232
10,230
10,224
10,219
